scope,preset,variant,active_experts,tokens_per_expert,total_routed_tokens,total_tokens,hidden_size,intermediate_size,num_experts_model,top_k_model,ose_topk,main_weight_group_size,ose_weight_group_size,gate_channels_per_scale,down_channels_per_scale,duquant_block_size,duquant_rotation_stages,include_duquant_permutation,include_down_duquant_transform,latency_ms,latency_q20_ms,latency_q80_ms,latency_std_ms,speedup_over_duquant_once,speedup_over_plain_no_ose,max_abs_error,max_rel_error,kernel_sequence,block_m,block_n,block_k,num_warps,dtype,routed_token_experts,main_gemm_macs,gateup_duquant_transform_macs,common_down_duquant_transform_macs,ose_branch_macs,total_online_macs_current_layout,total_online_ops_mac2_current_layout,effective_tops_mac2_current_layout,compact_ours_total_macs_if_split_main_columns,duplicate_ose_extra_macs_current_layout,duquant_unique_overhead_macs_per_routed_token,ose_unique_overhead_macs_per_routed_token,unique_overhead_reduction_duquant_vs_ose,estimated_kernel_launches,main_qparam_groups_per_expert,main_qparam_groups_active_experts,main_qparam_groups_all_model_experts,main_qparam_bytes_active_experts,main_qparam_bytes_all_model_experts,main_qparam_reduction_vs_per_channel,main_int8_weight_bytes_per_expert,ose_duplicate_int8_weight_bytes_per_expert_current_layout,ose_duplicate_weight_overhead_ratio_current_layout
routed_moe_layer,olmoe,duquant_once,1,1,1,1,2048,1024,64,8,32,2048,1,1024,2048,128,2,1,1,1.057036,1.053798,1.057287,0.009758,1.000000,0.793857,0.000000e+00,0.000000e+00,gateup_duquant_once+dyn_quant+2x_i8_gemm+silu+common_down,16,64,64,4,w8a8_int8_gemm_fp32_accum_fp16_output,1,6291456,524288,262144,65536,7077888,14155776,0.013392,6553600,0,524288,65536,8.000000,12,3,3,192,12,768,1365.333333,6291456,65536,0.010417
routed_moe_layer,olmoe,plain_no_ose,1,1,1,1,2048,1024,64,8,32,2048,1,1024,2048,128,2,1,1,0.839135,0.838117,0.840018,0.012962,1.259673,1.000000,0.000000e+00,0.000000e+00,dyn_quant+2x_i8_gemm+silu+common_down,16,64,64,4,w8a8_int8_gemm_fp32_accum_fp16_output,1,6291456,524288,262144,65536,6553600,13107200,0.015620,6553600,0,524288,65536,8.000000,9,3,3,192,12,768,1365.333333,6291456,65536,0.010417
routed_moe_layer,olmoe,ours_ose_w8a8,1,1,1,1,2048,1024,64,8,32,2048,1,1024,2048,128,2,1,1,0.952772,0.942174,0.977943,0.057804,1.109432,0.880730,0.000000e+00,0.000000e+00,dyn_quant+2x_i8_main_gemm+ose_w8a8_two_proj+silu+common_down,16,64,64,4,w8a8_int8_gemm_fp32_accum_fp16_output,1,6291456,524288,262144,65536,6619136,13238272,0.013894,6553600,65536,524288,65536,8.000000,10,3,3,192,12,768,1365.333333,6291456,65536,0.010417
routed_moe_layer,olmoe,duquant_once,1,2,2,1,2048,1024,64,8,32,2048,1,1024,2048,128,2,1,1,1.062983,1.054395,1.065379,0.008379,1.000000,0.801461,0.000000e+00,0.000000e+00,gateup_duquant_once+dyn_quant+2x_i8_gemm+silu+common_down,16,64,64,4,w8a8_int8_gemm_fp32_accum_fp16_output,2,12582912,1048576,524288,131072,14155776,28311552,0.026634,13107200,0,524288,65536,8.000000,12,3,3,192,12,768,1365.333333,6291456,65536,0.010417
routed_moe_layer,olmoe,plain_no_ose,1,2,2,1,2048,1024,64,8,32,2048,1,1024,2048,128,2,1,1,0.851939,0.837789,0.858466,0.011520,1.247722,1.000000,0.000000e+00,0.000000e+00,dyn_quant+2x_i8_gemm+silu+common_down,16,64,64,4,w8a8_int8_gemm_fp32_accum_fp16_output,2,12582912,1048576,524288,131072,13107200,26214400,0.030770,13107200,0,524288,65536,8.000000,9,3,3,192,12,768,1365.333333,6291456,65536,0.010417
routed_moe_layer,olmoe,ours_ose_w8a8,1,2,2,1,2048,1024,64,8,32,2048,1,1024,2048,128,2,1,1,0.954831,0.946615,0.959998,0.013150,1.113268,0.892241,0.000000e+00,0.000000e+00,dyn_quant+2x_i8_main_gemm+ose_w8a8_two_proj+silu+common_down,16,64,64,4,w8a8_int8_gemm_fp32_accum_fp16_output,2,12582912,1048576,524288,131072,13238272,26476544,0.027729,13107200,131072,524288,65536,8.000000,10,3,3,192,12,768,1365.333333,6291456,65536,0.010417
routed_moe_layer,olmoe,duquant_once,1,4,4,1,2048,1024,64,8,32,2048,1,1024,2048,128,2,1,1,1.160641,1.097470,1.222883,0.150496,1.000000,0.913830,0.000000e+00,0.000000e+00,gateup_duquant_once+dyn_quant+2x_i8_gemm+silu+common_down,16,64,64,4,w8a8_int8_gemm_fp32_accum_fp16_output,4,25165824,2097152,1048576,262144,28311552,56623104,0.048786,26214400,0,524288,65536,8.000000,12,3,3,192,12,768,1365.333333,6291456,65536,0.010417
routed_moe_layer,olmoe,plain_no_ose,1,4,4,1,2048,1024,64,8,32,2048,1,1024,2048,128,2,1,1,1.060629,1.026951,1.111092,0.074280,1.094295,1.000000,0.000000e+00,0.000000e+00,dyn_quant+2x_i8_gemm+silu+common_down,16,64,64,4,w8a8_int8_gemm_fp32_accum_fp16_output,4,25165824,2097152,1048576,262144,26214400,52428800,0.049432,26214400,0,524288,65536,8.000000,9,3,3,192,12,768,1365.333333,6291456,65536,0.010417
routed_moe_layer,olmoe,ours_ose_w8a8,1,4,4,1,2048,1024,64,8,32,2048,1,1024,2048,128,2,1,1,0.951464,0.947547,0.967102,0.149709,1.219848,1.114734,0.000000e+00,0.000000e+00,dyn_quant+2x_i8_main_gemm+ose_w8a8_two_proj+silu+common_down,16,64,64,4,w8a8_int8_gemm_fp32_accum_fp16_output,4,25165824,2097152,1048576,262144,26476544,52953088,0.055654,26214400,262144,524288,65536,8.000000,10,3,3,192,12,768,1365.333333,6291456,65536,0.010417
routed_moe_layer,olmoe,duquant_once,1,8,8,1,2048,1024,64,8,32,2048,1,1024,2048,128,2,1,1,1.052964,1.044619,1.078722,0.183097,1.000000,0.793904,0.000000e+00,0.000000e+00,gateup_duquant_once+dyn_quant+2x_i8_gemm+silu+common_down,16,64,64,4,w8a8_int8_gemm_fp32_accum_fp16_output,8,50331648,4194304,2097152,524288,56623104,113246208,0.107550,52428800,0,524288,65536,8.000000,12,3,3,192,12,768,1365.333333,6291456,65536,0.010417
routed_moe_layer,olmoe,plain_no_ose,1,8,8,1,2048,1024,64,8,32,2048,1,1024,2048,128,2,1,1,0.835952,0.834466,0.838530,0.003326,1.259599,1.000000,0.000000e+00,0.000000e+00,dyn_quant+2x_i8_gemm+silu+common_down,16,64,64,4,w8a8_int8_gemm_fp32_accum_fp16_output,8,50331648,4194304,2097152,524288,52428800,104857600,0.125435,52428800,0,524288,65536,8.000000,9,3,3,192,12,768,1365.333333,6291456,65536,0.010417
routed_moe_layer,olmoe,ours_ose_w8a8,1,8,8,1,2048,1024,64,8,32,2048,1,1024,2048,128,2,1,1,0.939268,0.938452,0.940810,0.002121,1.121047,0.890004,0.000000e+00,0.000000e+00,dyn_quant+2x_i8_main_gemm+ose_w8a8_two_proj+silu+common_down,16,64,64,4,w8a8_int8_gemm_fp32_accum_fp16_output,8,50331648,4194304,2097152,524288,52953088,105906176,0.112754,52428800,524288,524288,65536,8.000000,10,3,3,192,12,768,1365.333333,6291456,65536,0.010417
routed_moe_layer,olmoe,duquant_once,1,16,16,2,2048,1024,64,8,32,2048,1,1024,2048,128,2,1,1,1.046416,1.045600,1.046563,0.037823,1.000000,0.798644,0.000000e+00,0.000000e+00,gateup_duquant_once+dyn_quant+2x_i8_gemm+silu+common_down,16,64,64,4,w8a8_int8_gemm_fp32_accum_fp16_output,16,100663296,8388608,4194304,1048576,113246208,226492416,0.216446,104857600,0,524288,65536,8.000000,12,3,3,192,12,768,1365.333333,6291456,65536,0.010417
routed_moe_layer,olmoe,plain_no_ose,1,16,16,2,2048,1024,64,8,32,2048,1,1024,2048,128,2,1,1,0.835714,0.835468,0.836538,0.001857,1.252122,1.000000,0.000000e+00,0.000000e+00,dyn_quant+2x_i8_gemm+silu+common_down,16,64,64,4,w8a8_int8_gemm_fp32_accum_fp16_output,16,100663296,8388608,4194304,1048576,104857600,209715200,0.250941,104857600,0,524288,65536,8.000000,9,3,3,192,12,768,1365.333333,6291456,65536,0.010417
routed_moe_layer,olmoe,ours_ose_w8a8,1,16,16,2,2048,1024,64,8,32,2048,1,1024,2048,128,2,1,1,0.931517,0.930258,0.935944,0.008817,1.123346,0.897154,0.000000e+00,0.000000e+00,dyn_quant+2x_i8_main_gemm+ose_w8a8_two_proj+silu+common_down,16,64,64,4,w8a8_int8_gemm_fp32_accum_fp16_output,16,100663296,8388608,4194304,1048576,105906176,211812352,0.227384,104857600,1048576,524288,65536,8.000000,10,3,3,192,12,768,1365.333333,6291456,65536,0.010417
routed_moe_layer,olmoe,duquant_once,1,32,32,4,2048,1024,64,8,32,2048,1,1024,2048,128,2,1,1,1.038474,1.037656,1.038948,0.003561,1.000000,0.797490,0.000000e+00,0.000000e+00,gateup_duquant_once+dyn_quant+2x_i8_gemm+silu+common_down,16,64,64,4,w8a8_int8_gemm_fp32_accum_fp16_output,32,201326592,16777216,8388608,2097152,226492416,452984832,0.436202,209715200,0,524288,65536,8.000000,12,3,3,192,12,768,1365.333333,6291456,65536,0.010417
routed_moe_layer,olmoe,plain_no_ose,1,32,32,4,2048,1024,64,8,32,2048,1,1024,2048,128,2,1,1,0.828173,0.827369,0.829624,0.016069,1.253934,1.000000,0.000000e+00,0.000000e+00,dyn_quant+2x_i8_gemm+silu+common_down,16,64,64,4,w8a8_int8_gemm_fp32_accum_fp16_output,32,201326592,16777216,8388608,2097152,209715200,419430400,0.506453,209715200,0,524288,65536,8.000000,9,3,3,192,12,768,1365.333333,6291456,65536,0.010417
routed_moe_layer,olmoe,ours_ose_w8a8,1,32,32,4,2048,1024,64,8,32,2048,1,1024,2048,128,2,1,1,0.942281,0.939678,0.960486,0.015848,1.102085,0.878902,0.000000e+00,0.000000e+00,dyn_quant+2x_i8_main_gemm+ose_w8a8_two_proj+silu+common_down,16,64,64,4,w8a8_int8_gemm_fp32_accum_fp16_output,32,201326592,16777216,8388608,2097152,211812352,423624704,0.449574,209715200,2097152,524288,65536,8.000000,10,3,3,192,12,768,1365.333333,6291456,65536,0.010417
routed_moe_layer,olmoe,duquant_once,8,1,8,1,2048,1024,64,8,32,2048,1,1024,2048,128,2,1,1,1.043061,1.042537,1.046032,0.003777,1.000000,0.802666,0.000000e+00,0.000000e+00,gateup_duquant_once+dyn_quant+2x_i8_gemm+silu+common_down,16,64,64,4,w8a8_int8_gemm_fp32_accum_fp16_output,8,50331648,4194304,2097152,524288,56623104,113246208,0.108571,52428800,0,524288,65536,8.000000,12,3,24,192,96,768,1365.333333,6291456,65536,0.010417
routed_moe_layer,olmoe,plain_no_ose,8,1,8,1,2048,1024,64,8,32,2048,1,1024,2048,128,2,1,1,0.837230,0.836862,0.840344,0.003436,1.245848,1.000000,0.000000e+00,0.000000e+00,dyn_quant+2x_i8_gemm+silu+common_down,16,64,64,4,w8a8_int8_gemm_fp32_accum_fp16_output,8,50331648,4194304,2097152,524288,52428800,104857600,0.125243,52428800,0,524288,65536,8.000000,9,3,24,192,96,768,1365.333333,6291456,65536,0.010417
routed_moe_layer,olmoe,ours_ose_w8a8,8,1,8,1,2048,1024,64,8,32,2048,1,1024,2048,128,2,1,1,0.942919,0.938069,0.945796,0.037560,1.106204,0.887913,0.000000e+00,0.000000e+00,dyn_quant+2x_i8_main_gemm+ose_w8a8_two_proj+silu+common_down,16,64,64,4,w8a8_int8_gemm_fp32_accum_fp16_output,8,50331648,4194304,2097152,524288,52953088,105906176,0.112317,52428800,524288,524288,65536,8.000000,10,3,24,192,96,768,1365.333333,6291456,65536,0.010417
routed_moe_layer,olmoe,duquant_once,8,2,16,2,2048,1024,64,8,32,2048,1,1024,2048,128,2,1,1,1.065742,1.057367,1.069320,0.017442,1.000000,0.815638,0.000000e+00,0.000000e+00,gateup_duquant_once+dyn_quant+2x_i8_gemm+silu+common_down,16,64,64,4,w8a8_int8_gemm_fp32_accum_fp16_output,16,100663296,8388608,4194304,1048576,113246208,226492416,0.212521,104857600,0,524288,65536,8.000000,12,3,24,192,96,768,1365.333333,6291456,65536,0.010417
routed_moe_layer,olmoe,plain_no_ose,8,2,16,2,2048,1024,64,8,32,2048,1,1024,2048,128,2,1,1,0.869260,0.863995,0.880784,0.019522,1.226034,1.000000,0.000000e+00,0.000000e+00,dyn_quant+2x_i8_gemm+silu+common_down,16,64,64,4,w8a8_int8_gemm_fp32_accum_fp16_output,16,100663296,8388608,4194304,1048576,104857600,209715200,0.241257,104857600,0,524288,65536,8.000000,9,3,24,192,96,768,1365.333333,6291456,65536,0.010417
routed_moe_layer,olmoe,ours_ose_w8a8,8,2,16,2,2048,1024,64,8,32,2048,1,1024,2048,128,2,1,1,0.942623,0.938863,0.943220,0.319448,1.130613,0.922171,0.000000e+00,0.000000e+00,dyn_quant+2x_i8_main_gemm+ose_w8a8_two_proj+silu+common_down,16,64,64,4,w8a8_int8_gemm_fp32_accum_fp16_output,16,100663296,8388608,4194304,1048576,105906176,211812352,0.224705,104857600,1048576,524288,65536,8.000000,10,3,24,192,96,768,1365.333333,6291456,65536,0.010417
routed_moe_layer,olmoe,duquant_once,8,4,32,4,2048,1024,64,8,32,2048,1,1024,2048,128,2,1,1,1.049215,1.044287,1.049346,0.014580,1.000000,0.797584,0.000000e+00,0.000000e+00,gateup_duquant_once+dyn_quant+2x_i8_gemm+silu+common_down,16,64,64,4,w8a8_int8_gemm_fp32_accum_fp16_output,32,201326592,16777216,8388608,2097152,226492416,452984832,0.431737,209715200,0,524288,65536,8.000000,12,3,24,192,96,768,1365.333333,6291456,65536,0.010417
routed_moe_layer,olmoe,plain_no_ose,8,4,32,4,2048,1024,64,8,32,2048,1,1024,2048,128,2,1,1,0.836837,0.830563,0.837356,0.014756,1.253787,1.000000,0.000000e+00,0.000000e+00,dyn_quant+2x_i8_gemm+silu+common_down,16,64,64,4,w8a8_int8_gemm_fp32_accum_fp16_output,32,201326592,16777216,8388608,2097152,209715200,419430400,0.501209,209715200,0,524288,65536,8.000000,9,3,24,192,96,768,1365.333333,6291456,65536,0.010417
routed_moe_layer,olmoe,ours_ose_w8a8,8,4,32,4,2048,1024,64,8,32,2048,1,1024,2048,128,2,1,1,0.933914,0.932546,0.936788,0.004352,1.123460,0.896054,0.000000e+00,0.000000e+00,dyn_quant+2x_i8_main_gemm+ose_w8a8_two_proj+silu+common_down,16,64,64,4,w8a8_int8_gemm_fp32_accum_fp16_output,32,201326592,16777216,8388608,2097152,211812352,423624704,0.453601,209715200,2097152,524288,65536,8.000000,10,3,24,192,96,768,1365.333333,6291456,65536,0.010417
routed_moe_layer,olmoe,duquant_once,8,8,64,8,2048,1024,64,8,32,2048,1,1024,2048,128,2,1,1,1.038858,1.034842,1.043265,0.189289,1.000000,0.798537,0.000000e+00,0.000000e+00,gateup_duquant_once+dyn_quant+2x_i8_gemm+silu+common_down,16,64,64,4,w8a8_int8_gemm_fp32_accum_fp16_output,64,402653184,33554432,16777216,4194304,452984832,905969664,0.872082,419430400,0,524288,65536,8.000000,12,3,24,192,96,768,1365.333333,6291456,65536,0.010417
routed_moe_layer,olmoe,plain_no_ose,8,8,64,8,2048,1024,64,8,32,2048,1,1024,2048,128,2,1,1,0.829567,0.827294,0.834323,0.009664,1.252289,1.000000,0.000000e+00,0.000000e+00,dyn_quant+2x_i8_gemm+silu+common_down,16,64,64,4,w8a8_int8_gemm_fp32_accum_fp16_output,64,402653184,33554432,16777216,4194304,419430400,838860800,1.011203,419430400,0,524288,65536,8.000000,9,3,24,192,96,768,1365.333333,6291456,65536,0.010417
routed_moe_layer,olmoe,ours_ose_w8a8,8,8,64,8,2048,1024,64,8,32,2048,1,1024,2048,128,2,1,1,0.935821,0.932388,0.944114,0.008156,1.110103,0.886459,0.000000e+00,0.000000e+00,dyn_quant+2x_i8_main_gemm+ose_w8a8_two_proj+silu+common_down,16,64,64,4,w8a8_int8_gemm_fp32_accum_fp16_output,64,402653184,33554432,16777216,4194304,423624704,847249408,0.905354,419430400,4194304,524288,65536,8.000000,10,3,24,192,96,768,1365.333333,6291456,65536,0.010417
routed_moe_layer,olmoe,duquant_once,8,16,128,16,2048,1024,64,8,32,2048,1,1024,2048,128,2,1,1,1.051337,1.050896,1.058570,0.005263,1.000000,0.788639,0.000000e+00,0.000000e+00,gateup_duquant_once+dyn_quant+2x_i8_gemm+silu+common_down,16,64,64,4,w8a8_int8_gemm_fp32_accum_fp16_output,128,805306368,67108864,33554432,8388608,905969664,1811939328,1.723462,838860800,0,524288,65536,8.000000,12,3,24,192,96,768,1365.333333,6291456,65536,0.010417
routed_moe_layer,olmoe,plain_no_ose,8,16,128,16,2048,1024,64,8,32,2048,1,1024,2048,128,2,1,1,0.829125,0.826592,0.854030,0.016899,1.268008,1.000000,0.000000e+00,0.000000e+00,dyn_quant+2x_i8_gemm+silu+common_down,16,64,64,4,w8a8_int8_gemm_fp32_accum_fp16_output,128,805306368,67108864,33554432,8388608,838860800,1677721600,2.023485,838860800,0,524288,65536,8.000000,9,3,24,192,96,768,1365.333333,6291456,65536,0.010417
routed_moe_layer,olmoe,ours_ose_w8a8,8,16,128,16,2048,1024,64,8,32,2048,1,1024,2048,128,2,1,1,0.939540,0.937610,0.943919,0.066475,1.118991,0.882480,0.000000e+00,0.000000e+00,dyn_quant+2x_i8_main_gemm+ose_w8a8_two_proj+silu+common_down,16,64,64,4,w8a8_int8_gemm_fp32_accum_fp16_output,128,805306368,67108864,33554432,8388608,847249408,1694498816,1.803541,838860800,8388608,524288,65536,8.000000,10,3,24,192,96,768,1365.333333,6291456,65536,0.010417
routed_moe_layer,olmoe,duquant_once,8,32,256,32,2048,1024,64,8,32,2048,1,1024,2048,128,2,1,1,1.061770,1.047916,1.065445,0.030091,1.000000,0.786804,0.000000e+00,0.000000e+00,gateup_duquant_once+dyn_quant+2x_i8_gemm+silu+common_down,16,64,64,4,w8a8_int8_gemm_fp32_accum_fp16_output,256,1610612736,134217728,67108864,16777216,1811939328,3623878656,3.413054,1677721600,0,524288,65536,8.000000,12,3,24,192,96,768,1365.333333,6291456,65536,0.010417
routed_moe_layer,olmoe,plain_no_ose,8,32,256,32,2048,1024,64,8,32,2048,1,1024,2048,128,2,1,1,0.835405,0.834224,0.836870,0.003291,1.270964,1.000000,0.000000e+00,0.000000e+00,dyn_quant+2x_i8_gemm+silu+common_down,16,64,64,4,w8a8_int8_gemm_fp32_accum_fp16_output,256,1610612736,134217728,67108864,16777216,1677721600,3355443200,4.016547,1677721600,0,524288,65536,8.000000,9,3,24,192,96,768,1365.333333,6291456,65536,0.010417
routed_moe_layer,olmoe,ours_ose_w8a8,8,32,256,32,2048,1024,64,8,32,2048,1,1024,2048,128,2,1,1,0.939535,0.939465,0.942229,0.002711,1.130102,0.889169,0.000000e+00,0.000000e+00,dyn_quant+2x_i8_main_gemm+ose_w8a8_two_proj+silu+common_down,16,64,64,4,w8a8_int8_gemm_fp32_accum_fp16_output,256,1610612736,134217728,67108864,16777216,1694498816,3388997632,3.607101,1677721600,16777216,524288,65536,8.000000,10,3,24,192,96,768,1365.333333,6291456,65536,0.010417
routed_moe_layer,olmoe,duquant_once,16,1,16,2,2048,1024,64,8,32,2048,1,1024,2048,128,2,1,1,1.132778,1.062643,1.177332,0.279827,1.000000,0.725158,0.000000e+00,0.000000e+00,gateup_duquant_once+dyn_quant+2x_i8_gemm+silu+common_down,16,64,64,4,w8a8_int8_gemm_fp32_accum_fp16_output,16,100663296,8388608,4194304,1048576,113246208,226492416,0.199944,104857600,0,524288,65536,8.000000,12,3,48,192,192,768,1365.333333,6291456,65536,0.010417
routed_moe_layer,olmoe,plain_no_ose,16,1,16,2,2048,1024,64,8,32,2048,1,1024,2048,128,2,1,1,0.821443,0.820854,0.825523,0.003029,1.379010,1.000000,0.000000e+00,0.000000e+00,dyn_quant+2x_i8_gemm+silu+common_down,16,64,64,4,w8a8_int8_gemm_fp32_accum_fp16_output,16,100663296,8388608,4194304,1048576,104857600,209715200,0.255301,104857600,0,524288,65536,8.000000,9,3,48,192,192,768,1365.333333,6291456,65536,0.010417
routed_moe_layer,olmoe,ours_ose_w8a8,16,1,16,2,2048,1024,64,8,32,2048,1,1024,2048,128,2,1,1,0.954956,0.943238,0.990346,0.025674,1.186210,0.860189,0.000000e+00,0.000000e+00,dyn_quant+2x_i8_main_gemm+ose_w8a8_two_proj+silu+common_down,16,64,64,4,w8a8_int8_gemm_fp32_accum_fp16_output,16,100663296,8388608,4194304,1048576,105906176,211812352,0.221803,104857600,1048576,524288,65536,8.000000,10,3,48,192,192,768,1365.333333,6291456,65536,0.010417
routed_moe_layer,olmoe,duquant_once,16,2,32,4,2048,1024,64,8,32,2048,1,1024,2048,128,2,1,1,1.052692,1.049275,1.053966,0.035527,1.000000,0.793170,0.000000e+00,0.000000e+00,gateup_duquant_once+dyn_quant+2x_i8_gemm+silu+common_down,16,64,64,4,w8a8_int8_gemm_fp32_accum_fp16_output,32,201326592,16777216,8388608,2097152,226492416,452984832,0.430311,209715200,0,524288,65536,8.000000,12,3,48,192,192,768,1365.333333,6291456,65536,0.010417
routed_moe_layer,olmoe,plain_no_ose,16,2,32,4,2048,1024,64,8,32,2048,1,1024,2048,128,2,1,1,0.834964,0.832939,0.835680,0.003462,1.260763,1.000000,0.000000e+00,0.000000e+00,dyn_quant+2x_i8_gemm+silu+common_down,16,64,64,4,w8a8_int8_gemm_fp32_accum_fp16_output,32,201326592,16777216,8388608,2097152,209715200,419430400,0.502334,209715200,0,524288,65536,8.000000,9,3,48,192,192,768,1365.333333,6291456,65536,0.010417
routed_moe_layer,olmoe,ours_ose_w8a8,16,2,32,4,2048,1024,64,8,32,2048,1,1024,2048,128,2,1,1,1.294591,1.124363,1.440837,0.228110,0.813146,0.644964,0.000000e+00,0.000000e+00,dyn_quant+2x_i8_main_gemm+ose_w8a8_two_proj+silu+common_down,16,64,64,4,w8a8_int8_gemm_fp32_accum_fp16_output,32,201326592,16777216,8388608,2097152,211812352,423624704,0.327227,209715200,2097152,524288,65536,8.000000,10,3,48,192,192,768,1365.333333,6291456,65536,0.010417
routed_moe_layer,olmoe,duquant_once,16,4,64,8,2048,1024,64,8,32,2048,1,1024,2048,128,2,1,1,1.045363,1.044092,1.046300,0.008278,1.000000,0.793706,0.000000e+00,0.000000e+00,gateup_duquant_once+dyn_quant+2x_i8_gemm+silu+common_down,16,64,64,4,w8a8_int8_gemm_fp32_accum_fp16_output,64,402653184,33554432,16777216,4194304,452984832,905969664,0.866656,419430400,0,524288,65536,8.000000,12,3,48,192,192,768,1365.333333,6291456,65536,0.010417
routed_moe_layer,olmoe,plain_no_ose,16,4,64,8,2048,1024,64,8,32,2048,1,1024,2048,128,2,1,1,0.829711,0.827391,0.832178,0.009938,1.259912,1.000000,0.000000e+00,0.000000e+00,dyn_quant+2x_i8_gemm+silu+common_down,16,64,64,4,w8a8_int8_gemm_fp32_accum_fp16_output,64,402653184,33554432,16777216,4194304,419430400,838860800,1.011028,419430400,0,524288,65536,8.000000,9,3,48,192,192,768,1365.333333,6291456,65536,0.010417
routed_moe_layer,olmoe,ours_ose_w8a8,16,4,64,8,2048,1024,64,8,32,2048,1,1024,2048,128,2,1,1,0.948101,0.945908,0.951495,0.009317,1.102586,0.875129,0.000000e+00,0.000000e+00,dyn_quant+2x_i8_main_gemm+ose_w8a8_two_proj+silu+common_down,16,64,64,4,w8a8_int8_gemm_fp32_accum_fp16_output,64,402653184,33554432,16777216,4194304,423624704,847249408,0.893628,419430400,4194304,524288,65536,8.000000,10,3,48,192,192,768,1365.333333,6291456,65536,0.010417
routed_moe_layer,olmoe,duquant_once,16,8,128,16,2048,1024,64,8,32,2048,1,1024,2048,128,2,1,1,1.051370,1.046692,1.052648,0.012775,1.000000,0.787764,0.000000e+00,0.000000e+00,gateup_duquant_once+dyn_quant+2x_i8_gemm+silu+common_down,16,64,64,4,w8a8_int8_gemm_fp32_accum_fp16_output,128,805306368,67108864,33554432,8388608,905969664,1811939328,1.723408,838860800,0,524288,65536,8.000000,12,3,48,192,192,768,1365.333333,6291456,65536,0.010417
routed_moe_layer,olmoe,plain_no_ose,16,8,128,16,2048,1024,64,8,32,2048,1,1024,2048,128,2,1,1,0.828231,0.827491,0.830159,0.005814,1.269416,1.000000,0.000000e+00,0.000000e+00,dyn_quant+2x_i8_gemm+silu+common_down,16,64,64,4,w8a8_int8_gemm_fp32_accum_fp16_output,128,805306368,67108864,33554432,8388608,838860800,1677721600,2.025669,838860800,0,524288,65536,8.000000,9,3,48,192,192,768,1365.333333,6291456,65536,0.010417
routed_moe_layer,olmoe,ours_ose_w8a8,16,8,128,16,2048,1024,64,8,32,2048,1,1024,2048,128,2,1,1,0.935455,0.935386,0.941552,0.004581,1.123913,0.885378,0.000000e+00,0.000000e+00,dyn_quant+2x_i8_main_gemm+ose_w8a8_two_proj+silu+common_down,16,64,64,4,w8a8_int8_gemm_fp32_accum_fp16_output,128,805306368,67108864,33554432,8388608,847249408,1694498816,1.811417,838860800,8388608,524288,65536,8.000000,10,3,48,192,192,768,1365.333333,6291456,65536,0.010417
routed_moe_layer,olmoe,duquant_once,16,16,256,32,2048,1024,64,8,32,2048,1,1024,2048,128,2,1,1,1.053249,1.051812,1.053714,0.005943,1.000000,0.798338,0.000000e+00,0.000000e+00,gateup_duquant_once+dyn_quant+2x_i8_gemm+silu+common_down,16,64,64,4,w8a8_int8_gemm_fp32_accum_fp16_output,256,1610612736,134217728,67108864,16777216,1811939328,3623878656,3.440667,1677721600,0,524288,65536,8.000000,12,3,48,192,192,768,1365.333333,6291456,65536,0.010417
routed_moe_layer,olmoe,plain_no_ose,16,16,256,32,2048,1024,64,8,32,2048,1,1024,2048,128,2,1,1,0.840849,0.840172,0.853464,0.008047,1.252602,1.000000,0.000000e+00,0.000000e+00,dyn_quant+2x_i8_gemm+silu+common_down,16,64,64,4,w8a8_int8_gemm_fp32_accum_fp16_output,256,1610612736,134217728,67108864,16777216,1677721600,3355443200,3.990542,1677721600,0,524288,65536,8.000000,9,3,48,192,192,768,1365.333333,6291456,65536,0.010417
routed_moe_layer,olmoe,ours_ose_w8a8,16,16,256,32,2048,1024,64,8,32,2048,1,1024,2048,128,2,1,1,0.932713,0.932194,0.967915,0.030786,1.129232,0.901509,0.000000e+00,0.000000e+00,dyn_quant+2x_i8_main_gemm+ose_w8a8_two_proj+silu+common_down,16,64,64,4,w8a8_int8_gemm_fp32_accum_fp16_output,256,1610612736,134217728,67108864,16777216,1694498816,3388997632,3.633484,1677721600,16777216,524288,65536,8.000000,10,3,48,192,192,768,1365.333333,6291456,65536,0.010417
routed_moe_layer,olmoe,duquant_once,16,32,512,64,2048,1024,64,8,32,2048,1,1024,2048,128,2,1,1,1.045831,1.044736,1.046160,0.002292,1.000000,0.799476,0.000000e+00,0.000000e+00,gateup_duquant_once+dyn_quant+2x_i8_gemm+silu+common_down,16,64,64,4,w8a8_int8_gemm_fp32_accum_fp16_output,512,3221225472,268435456,134217728,33554432,3623878656,7247757312,6.930142,3355443200,0,524288,65536,8.000000,12,3,48,192,192,768,1365.333333,6291456,65536,0.010417
routed_moe_layer,olmoe,plain_no_ose,16,32,512,64,2048,1024,64,8,32,2048,1,1024,2048,128,2,1,1,0.836117,0.835410,0.838315,0.012824,1.250819,1.000000,0.000000e+00,0.000000e+00,dyn_quant+2x_i8_gemm+silu+common_down,16,64,64,4,w8a8_int8_gemm_fp32_accum_fp16_output,512,3221225472,268435456,134217728,33554432,3355443200,6710886400,8.026253,3355443200,0,524288,65536,8.000000,9,3,48,192,192,768,1365.333333,6291456,65536,0.010417
routed_moe_layer,olmoe,ours_ose_w8a8,16,32,512,64,2048,1024,64,8,32,2048,1,1024,2048,128,2,1,1,0.945576,0.944836,0.947126,0.029640,1.106025,0.884241,0.000000e+00,0.000000e+00,dyn_quant+2x_i8_main_gemm+ose_w8a8_two_proj+silu+common_down,16,64,64,4,w8a8_int8_gemm_fp32_accum_fp16_output,512,3221225472,268435456,134217728,33554432,3388997632,6777995264,7.168113,3355443200,33554432,524288,65536,8.000000,10,3,48,192,192,768,1365.333333,6291456,65536,0.010417
routed_moe_layer,olmoe,duquant_once,64,1,64,8,2048,1024,64,8,32,2048,1,1024,2048,128,2,1,1,1.075538,1.069993,1.083437,0.009669,1.000000,0.958952,0.000000e+00,0.000000e+00,gateup_duquant_once+dyn_quant+2x_i8_gemm+silu+common_down,16,64,64,4,w8a8_int8_gemm_fp32_accum_fp16_output,64,402653184,33554432,16777216,4194304,452984832,905969664,0.842341,419430400,0,524288,65536,8.000000,12,3,192,192,768,768,1365.333333,6291456,65536,0.010417
routed_moe_layer,olmoe,plain_no_ose,64,1,64,8,2048,1024,64,8,32,2048,1,1024,2048,128,2,1,1,1.031389,1.030338,1.033742,0.059486,1.042805,1.000000,0.000000e+00,0.000000e+00,dyn_quant+2x_i8_gemm+silu+common_down,16,64,64,4,w8a8_int8_gemm_fp32_accum_fp16_output,64,402653184,33554432,16777216,4194304,419430400,838860800,0.813331,419430400,0,524288,65536,8.000000,9,3,192,192,768,768,1365.333333,6291456,65536,0.010417
routed_moe_layer,olmoe,ours_ose_w8a8,64,1,64,8,2048,1024,64,8,32,2048,1,1024,2048,128,2,1,1,1.153211,1.053744,1.352422,0.160702,0.932646,0.894363,0.000000e+00,0.000000e+00,dyn_quant+2x_i8_main_gemm+ose_w8a8_two_proj+silu+common_down,16,64,64,4,w8a8_int8_gemm_fp32_accum_fp16_output,64,402653184,33554432,16777216,4194304,423624704,847249408,0.734687,419430400,4194304,524288,65536,8.000000,10,3,192,192,768,768,1365.333333,6291456,65536,0.010417
routed_moe_layer,olmoe,duquant_once,64,2,128,16,2048,1024,64,8,32,2048,1,1024,2048,128,2,1,1,1.091818,1.086327,1.094605,0.065765,1.000000,0.956132,0.000000e+00,0.000000e+00,gateup_duquant_once+dyn_quant+2x_i8_gemm+silu+common_down,16,64,64,4,w8a8_int8_gemm_fp32_accum_fp16_output,128,805306368,67108864,33554432,8388608,905969664,1811939328,1.659562,838860800,0,524288,65536,8.000000,12,3,192,192,768,768,1365.333333,6291456,65536,0.010417
routed_moe_layer,olmoe,plain_no_ose,64,2,128,16,2048,1024,64,8,32,2048,1,1024,2048,128,2,1,1,1.043922,1.041918,1.070091,0.033678,1.045881,1.000000,0.000000e+00,0.000000e+00,dyn_quant+2x_i8_gemm+silu+common_down,16,64,64,4,w8a8_int8_gemm_fp32_accum_fp16_output,128,805306368,67108864,33554432,8388608,838860800,1677721600,1.607133,838860800,0,524288,65536,8.000000,9,3,192,192,768,768,1365.333333,6291456,65536,0.010417
routed_moe_layer,olmoe,ours_ose_w8a8,64,2,128,16,2048,1024,64,8,32,2048,1,1024,2048,128,2,1,1,1.225316,1.198573,1.605117,0.257603,0.891050,0.851961,0.000000e+00,0.000000e+00,dyn_quant+2x_i8_main_gemm+ose_w8a8_two_proj+silu+common_down,16,64,64,4,w8a8_int8_gemm_fp32_accum_fp16_output,128,805306368,67108864,33554432,8388608,847249408,1694498816,1.382908,838860800,8388608,524288,65536,8.000000,10,3,192,192,768,768,1365.333333,6291456,65536,0.010417
routed_moe_layer,olmoe,duquant_once,64,4,256,32,2048,1024,64,8,32,2048,1,1024,2048,128,2,1,1,1.115500,1.110966,1.117991,0.016702,1.000000,0.936161,0.000000e+00,0.000000e+00,gateup_duquant_once+dyn_quant+2x_i8_gemm+silu+common_down,16,64,64,4,w8a8_int8_gemm_fp32_accum_fp16_output,256,1610612736,134217728,67108864,16777216,1811939328,3623878656,3.248659,1677721600,0,524288,65536,8.000000,12,3,192,192,768,768,1365.333333,6291456,65536,0.010417
routed_moe_layer,olmoe,plain_no_ose,64,4,256,32,2048,1024,64,8,32,2048,1,1024,2048,128,2,1,1,1.044288,1.044238,1.049588,0.006298,1.068192,1.000000,0.000000e+00,0.000000e+00,dyn_quant+2x_i8_gemm+silu+common_down,16,64,64,4,w8a8_int8_gemm_fp32_accum_fp16_output,256,1610612736,134217728,67108864,16777216,1677721600,3355443200,3.213140,1677721600,0,524288,65536,8.000000,9,3,192,192,768,768,1365.333333,6291456,65536,0.010417
routed_moe_layer,olmoe,ours_ose_w8a8,64,4,256,32,2048,1024,64,8,32,2048,1,1024,2048,128,2,1,1,1.062533,1.052366,1.067610,0.014993,1.049850,0.982829,0.000000e+00,0.000000e+00,dyn_quant+2x_i8_main_gemm+ose_w8a8_two_proj+silu+common_down,16,64,64,4,w8a8_int8_gemm_fp32_accum_fp16_output,256,1610612736,134217728,67108864,16777216,1694498816,3388997632,3.189546,1677721600,16777216,524288,65536,8.000000,10,3,192,192,768,768,1365.333333,6291456,65536,0.010417
routed_moe_layer,olmoe,duquant_once,64,8,512,64,2048,1024,64,8,32,2048,1,1024,2048,128,2,1,1,1.153481,1.144324,1.161613,0.062320,1.000000,0.942834,0.000000e+00,0.000000e+00,gateup_duquant_once+dyn_quant+2x_i8_gemm+silu+common_down,16,64,64,4,w8a8_int8_gemm_fp32_accum_fp16_output,512,3221225472,268435456,134217728,33554432,3623878656,7247757312,6.283378,3355443200,0,524288,65536,8.000000,12,3,192,192,768,768,1365.333333,6291456,65536,0.010417
routed_moe_layer,olmoe,plain_no_ose,64,8,512,64,2048,1024,64,8,32,2048,1,1024,2048,128,2,1,1,1.087541,1.082934,1.139759,0.080200,1.060632,1.000000,0.000000e+00,0.000000e+00,dyn_quant+2x_i8_gemm+silu+common_down,16,64,64,4,w8a8_int8_gemm_fp32_accum_fp16_output,512,3221225472,268435456,134217728,33554432,3355443200,6710886400,6.170697,3355443200,0,524288,65536,8.000000,9,3,192,192,768,768,1365.333333,6291456,65536,0.010417
routed_moe_layer,olmoe,ours_ose_w8a8,64,8,512,64,2048,1024,64,8,32,2048,1,1024,2048,128,2,1,1,1.250208,1.244904,1.325196,0.099402,0.922631,0.869888,0.000000e+00,0.000000e+00,dyn_quant+2x_i8_main_gemm+ose_w8a8_two_proj+silu+common_down,16,64,64,4,w8a8_int8_gemm_fp32_accum_fp16_output,512,3221225472,268435456,134217728,33554432,3388997632,6777995264,5.421494,3355443200,33554432,524288,65536,8.000000,10,3,192,192,768,768,1365.333333,6291456,65536,0.010417
routed_moe_layer,olmoe,duquant_once,64,16,1024,128,2048,1024,64,8,32,2048,1,1024,2048,128,2,1,1,1.529455,1.521163,1.641923,0.128486,1.000000,0.761488,0.000000e+00,0.000000e+00,gateup_duquant_once+dyn_quant+2x_i8_gemm+silu+common_down,16,64,64,4,w8a8_int8_gemm_fp32_accum_fp16_output,1024,6442450944,536870912,268435456,67108864,7247757312,14495514624,9.477569,6710886400,0,524288,65536,8.000000,12,3,192,192,768,768,1365.333333,6291456,65536,0.010417
routed_moe_layer,olmoe,plain_no_ose,64,16,1024,128,2048,1024,64,8,32,2048,1,1024,2048,128,2,1,1,1.164662,1.136071,1.202402,0.053026,1.313218,1.000000,0.000000e+00,0.000000e+00,dyn_quant+2x_i8_gemm+silu+common_down,16,64,64,4,w8a8_int8_gemm_fp32_accum_fp16_output,1024,6442450944,536870912,268435456,67108864,6710886400,13421772800,11.524179,6710886400,0,524288,65536,8.000000,9,3,192,192,768,768,1365.333333,6291456,65536,0.010417
routed_moe_layer,olmoe,ours_ose_w8a8,64,16,1024,128,2048,1024,64,8,32,2048,1,1024,2048,128,2,1,1,1.171563,1.165880,1.192122,0.053035,1.305483,0.994110,0.000000e+00,0.000000e+00,dyn_quant+2x_i8_main_gemm+ose_w8a8_two_proj+silu+common_down,16,64,64,4,w8a8_int8_gemm_fp32_accum_fp16_output,1024,6442450944,536870912,268435456,67108864,6777995264,13555990528,11.570859,6710886400,67108864,524288,65536,8.000000,10,3,192,192,768,768,1365.333333,6291456,65536,0.010417
routed_moe_layer,olmoe,duquant_once,64,32,2048,256,2048,1024,64,8,32,2048,1,1024,2048,128,2,1,1,1.443144,1.440302,1.449643,0.060035,1.000000,0.877913,0.000000e+00,0.000000e+00,gateup_duquant_once+dyn_quant+2x_i8_gemm+silu+common_down,16,64,64,4,w8a8_int8_gemm_fp32_accum_fp16_output,2048,12884901888,1073741824,536870912,134217728,14495514624,28991029248,20.088799,13421772800,0,524288,65536,8.000000,12,3,192,192,768,768,1365.333333,6291456,65536,0.010417
routed_moe_layer,olmoe,plain_no_ose,64,32,2048,256,2048,1024,64,8,32,2048,1,1024,2048,128,2,1,1,1.266955,1.260613,1.284501,0.055339,1.139065,1.000000,0.000000e+00,0.000000e+00,dyn_quant+2x_i8_gemm+silu+common_down,16,64,64,4,w8a8_int8_gemm_fp32_accum_fp16_output,2048,12884901888,1073741824,536870912,134217728,13421772800,26843545600,21.187450,13421772800,0,524288,65536,8.000000,9,3,192,192,768,768,1365.333333,6291456,65536,0.010417
routed_moe_layer,olmoe,ours_ose_w8a8,64,32,2048,256,2048,1024,64,8,32,2048,1,1024,2048,128,2,1,1,1.470807,1.410707,1.484772,0.084299,0.981192,0.861401,0.000000e+00,0.000000e+00,dyn_quant+2x_i8_main_gemm+ose_w8a8_two_proj+silu+common_down,16,64,64,4,w8a8_int8_gemm_fp32_accum_fp16_output,2048,12884901888,1073741824,536870912,134217728,13555990528,27111981056,18.433405,13421772800,134217728,524288,65536,8.000000,10,3,192,192,768,768,1365.333333,6291456,65536,0.010417
